-4.01134
-0.457254
-1.27858
4.34209
3.20677
0.962912
-0.678134
-2.95323
1.57737
-1.55423
1.06486
1.4394
0.586523
1.40362
0.541899
-1.61588
-3.53071
0.339045
-3.83208
4.61756
1.67266
0.890117
1.0013
1.18244
-7.57631
-6.16623
3.29859
4.68325
-1.85712
2.65309
-0.576609
2.85948
-5.34518
-5.04731
1.77281
6.2111
2.34341
2.08094
0.990348
0.122761
-7.03368
3.44482
0.528338
-4.12416
-0.44414
-4.24399
3.28481
2.38471
0.761446
4.25425
2.15906
4.16108
3.95313
-3.51715
1.32653
0.716753
-2.27172
2.88826
-0.995518
-0.115424
-3.28234
-3.90277
6.32884
-3.27835
0.0979932
-5.34715
-4.6751
7.24486
2.15902
3.12021
-1.76427
-2.82974
-1.93156
-0.534906
-4.96815
3.99788
4.72561
3.79018
-7.62421
1.16816
4.76011
-1.84171
-4.98694
-2.13954
-0.238695
11.2048
-1.54484
2.5585
2.05768
-1.06457
-1.26296
4.98749
5.48114
-5.34556
5.86391
3.07925
1.33342
-4.35739
1.53407
-1.21836
-0.43058
-0.387894
0.0606971
-3.62467
3.91545
6.60916
-2.76943
-2.51281
-1.78289
1.00106
0.528203
-1.80631
1.55929
-10.2372
-1.93171
-7.74569
1.12749
2.62349
-2.52561
1.08424
0.256148
-3.40063
1.8434
-0.38805
5.86163
-0.484714
3.49885
-2.99891
-2.56023
-2.77623
6.76832
3.35413
-4.02216
-1.90299
1.00173
-4.00915
8.37465
-0.412028
-1.65917
2.81733
2.43392
4.48941
6.29483
0.427671
2.3349
5.57613
-2.43656
-6.55542
1.37705
-6.07005
5.96135
-6.73566
-6.51427
2.15352
-1.10328
-1.21769
3.96477
-2.72141
2.98855
-5.06683
1.57375
-3.65166
-2.67866
-2.83485
-1.12303
-3.35799
-1.25271
-0.891838
0.0160057
-3.14122
-3.77813
1.61937
-2.43403
-1.01075
5.56846
0.641698
-8.90609
-2.88442
-0.819497
3.85897
-1.33102
1.98369
-4.77584
3.78134
-0.703349
6.93295
2.52528
3.57294
1.9602
3.42177
8.3081
-5.41621
-0.0811375
0.228415
-1.24969
-4.29296
-1.99075
6.65145
-7.03435
-3.36984
-3.15628
4.88324
-0.793998
-2.46063
-1.65173
4.85527
2.34106
-5.74342
0.676388
-4.71374
7.74657
-3.98935
2.99012
-0.825755
-1.08743
-2.75487
-1.36237
-2.79631
2.21477
1.18757
1.74485
5.15371
2.40236
0.861332
3.50763
5.13363
1.49923
2.48658
-1.22381
-0.108843
-0.766372
-1.93799
3.96676
5.3873
-5.38957
8.15434
-2.99928
-3.15574
1.97945
5.98148
5.95628
2.06994
-0.596579
-1.67054
9.92839
-6.09484
-4.76136
-4.28081
5.65361
3.75403
1.01227
8.69358
4.38711
-3.58208
8.00139
3.90144
-2.87695
-0.614275
2.12581
1.80092
-5.75218
-0.606398
-5.56448
-6.37617
-0.128888
-1.50334
-1.11188
-0.2094
-1.35909
-3.10184
-3.28706
0.886614
0.219824
0.265627
-4.1548
-7.7631
-0.957591
3.24761
-1.93966
5.52316
2.73822
-1.65452
0.928433
-1.84939
1.75352
-1.36172
-0.171255
-1.47344
5.82528
-9.18882
1.34167
-4.50206
-2.66455
-6.64612
3.1257
-7.06941
-6.78032
-1.75917
-0.274834
-2.77139
0.251275
-6.15074
0.0353356
-6.69312
1.29875
6.24908
-0.11031
2.15
-4.27641
8.6803
0.896511
-4.49208
-3.29903
1.30539
2.17587
3.53686
-3.35565
-2.873
7.74397
1.24463
2.49492
-3.99248
-2.24848
1.2428
1.56213
2.24676
0.280854
-5.47355
-4.07908
-1.54299
0.972305
-3.60762
-1.65954
-0.0528322
-0.392495
0.0886684
1.60576
-2.60468
1.05164
-2.42903
-0.919273
2.1478
-1.85634
-4.16925
1.46822
1.03394
-0.108398
4.00459
-1.23076
2.44224
2.836
1.5128
-4.9834
8.10446
-2.88595
-2.35133
0.864936
4.0052
-0.7209
5.51496
6.69899
-0.0892944
-2.61593
4.09339
-3.17977
-8.10287
5.48747
2.91537
-2.05988
0.0432227
-2.08191
-2.95371
-4.82441
3.49289
-2.27068
-1.67195
2.95373
-6.88003
1.98164
-2.89428
-2.90968
6.57388
-1.88616
3.82197
-5.47764
0.193631
-4.2923
-4.68822
-5.61931
-0.0820579
-5.7652
-1.13552
-0.172674
1.68122
4.81209
0.756844
0.33393
-2.5325
5.13122
0.971318
-0.949705
2.73567
-3.90563
-5.43111
-4.5116
-1.73418
-1.21875
-1.58759
6.10975
-8.68173
7.66987
-3.61215
5.68457
0.78378
-0.992502
-4.65085
4.21655
2.1312
3.99688
5.06572
-0.892412
-4.75039
4.87926
-1.43554
3.89768
2.96122
7.97303
-2.71666
-0.523541
2.25287
-6.97911
-1.608
-0.705668
-3.28734
1.04761
-0.177963
4.34878
3.72835
-3.92907
0.0947511
3.33185
4.03147
-1.74752
-1.95117
4.75677
0.0487571
-4.06826
5.48212
7.77489
-0.558124
4.21479
-0.502096
1.21504
-1.57631
-0.229024
-3.8714
8.54017
-2.01247
4.62548
-1.15326
-1.10762
3.18302
-0.0713226
2.21263
6.34161
2.26531
1.78466
4.03017
-8.57199
-6.96906
0.559951
-0.808406
-1.9685
0.555571
1.05184
-1.60017
-0.769853
6.03126
5.66886
-3.77904
-0.308322
-3.07643
6.7672
-1.507
5.59936
3.72271
1.69413
1.93239
-5.63665
2.87023
-3.37137
8.19093
0.139441
0.898747
4.00422
8.94106
-5.80702
-2.50192
-2.12827
-1.54165
-2.62366
0.657919
1.41682
3.21405
-4.42965
-8.54696
-0.545932
9.06586
11.2343
-1.84247
3.04728
7.28211
3.80052
-7.1173
-1.32369
1.95347
-3.82517
-2.37461
-4.5432
-1.58232
7.53585
4.98742
1.79091
2.01896
-0.985511
-5.1413
-1.31356
1.75175
-4.23295
-4.4893
1.22161
0.40093
1.28865
-4.01628
-3.29405
1.62241
1.57028
-1.45801
1.4534
5.04156
1.67748
5.50946
3.35208
0.710944
-1.37457
-5.19094
3.26232
5.23417
1.75425
-2.09922
-5.94513
-4.16345
-0.204979
2.32902
1.05905
-7.84288
-2.08353
-2.39248
-0.864868
2.08173
-4.94909
4.92354
4.08334
0.0747811
4.07198
1.9745
-3.14695
6.00938
6.19894
0.0101998
-7.19396
2.59637
1.14388
-2.92423
3.65633
-6.26845
-1.37574
-7.52544
0.540297
-1.77293
-0.786037
-0.892515
1.36565
-2.02771
4.84747
3.7875
-5.24838
5.08335
3.18694
-5.31718
-0.568302
-1.97674
2.6069
3.96775
-0.528966
2.46663
1.91991
-1.3805
3.38132
6.00676
3.0023
-0.159735
2.45106
4.6394
2.39996
-0.672569
-2.48335
3.78938
0.500896
-3.59713
2.38744
-7.23925
-6.85523
-0.660897
-4.00963
1.7971
-0.148129
3.54517
5.30896
0.953273
4.2275
-7.27721
0.698401
7.90618
1.34634
1.56683
-4.40228
4.2443
-1.63168
-0.498237
-7.6285
4.14578
-3.91643
-4.29565
-3.95818
-3.76439
-0.433691
-6.73487
5.5592
4.038
-4.63094
-3.20947
-4.57651
2.73196
2.71027
2.15639
-3.73725
1.48332
-2.08847
-2.28631
-4.25194
6.76994
1.96347
-3.99798
-2.66472
0.892738
-3.79761
0.449067
-4.33583
-3.19077
5.49828
-3.69743
0.988655
-3.15197
4.86074
-0.401201
3.16197
-0.00639861
-3.55057
4.53492
-2.34174
-1.27244
-6.81451
3.86057
4.49927
0.72516
2.36775
-2.19315
-0.608816
0.0841293
-6.22387
-2.98572
-4.45455
-0.97823
-0.966857
-4.47368
-4.70284
-0.164074
-6.01775
5.67636
2.35171
-3.6902
-0.494377
-3.2666
1.55976
0.844552
-2.47519
-3.00297
4.02668
4.95373
-1.27923
0.795309
3.38848
1.36413
-2.15913
-1.22859
2.66469
0.466744
0.996116
3.03164
2.35627
-2.28585
-0.762776
1.65368
-0.725111
-3.22299
-0.524378
-0.130273
-4.84902
1.39622
-1.55082
1.19709
-5.78293
-3.21777
3.16174
-3.18372
8.8028
1.74119
2.0552
-3.31783
3.12222
3.47248
-5.17709
-1.05516
-3.79739
5.2613
5.17438
2.20468
4.50276
-2.72958
-7.08638
-2.78067
3.45267
4.95255
-2.10601
3.83936
-1.28147
4.18253
8.24765
3.58642
-1.89117
2.46564
4.54529
0.46416
2.33307
1.42794
-0.526996
-7.6088
3.56803
2.94082
-2.0891
3.46067
-2.4824
-5.33519
-7.57971
-0.157514
6.62647
-5.28595
-3.17887
1.05138
0.654
-0.614652
2.39797
-4.81895
-2.58707
0.658276
-3.0085
-0.280703
-5.49818
1.2347
-1.89067
-2.21701
7.28741
-4.70028
-0.57527
1.27787
-7.39251
3.84775
-0.332398
2.96548
0.581894
-2.95208
-1.29302
-0.343425
7.52013
-1.04665
1.05606
1.56799
-2.03927
-7.62688
-4.2034
-4.87005
-2.95629
-1.49123
6.07523
-2.36231
-2.27581
-0.390283
-4.95682
-2.05359
3.05598
5.72417
-5.33728
8.35382
-4.06873
6.59184
-8.29123
-1.65759
4.30931
-2.18623
-1.85798
-2.46689
4.08194
6.44174
-4.27339
0.908767
0.317749
4.05358
9.22686
12.5545
5.2634
6.55704
-4.67384
-3.52813
-1.81728
-3.14288
-1.52849
-1.35739
-3.02116
1.76327
-4.9993
-8.02562
-1.97812
2.38753
-5.76005
-1.00272
1.98825
7.70904
-4.88225
3.22175
-3.36523
4.70394
-4.30315
-1.27444
-4.32336
-0.535227
2.41212
5.96575
0.85022
-0.278607
7.4004
-0.960717
-0.592339
-4.0515
2.9948
0.168358
4.09286
-4.95207
2.1384
0.29034
-7.66722
-0.0413415
2.99519
-3.58704
-3.73609
-1.49674
1.52905
-1.10048
-4.10759
0.461934
0.962341
2.0762
4.16732
-5.71687
-2.50331
-1.69141
-2.3135
-5.0109
-5.23967
-2.90493
0.56876
3.12844
5.073
-5.01242
4.69422
0.18225
6.22022
-2.59209
-2.45875
3.61191
-8.21835
-1.47049
-7.23351
-3.02578
-5.14375
1.55795
-4.09347
-11.3585
1.00035
-0.574202
1.27917
-6.4727
3.78337
3.57599
0.516407
4.14892
-0.788439
5.462
6.22692
-1.46412
-8.4433
0.605299
-5.04444
1.06897
0.0671848
1.60529
-3.35652
-2.50137
0.299263
1.05351
5.48063
-4.25023
-0.921916
8.93887
7.29098
1.61629
2.44984
2.86589
1.12072
3.06672
0.556081
3.78329
2.62184
6.89411
-0.732819
-6.4851
-0.164832
0.941292
0.809976
1.51048
-3.71962
-6.37822
-6.44565
0.127694
-2.3769
0.838921
-4.21215
5.8423
-3.06299
5.24016
-5.95406
-2.43847
1.23858
-6.12374
1.99656
-0.4951
-4.63198
-4.47035
-0.819453
1.52065
7.89423
1.65806
-0.745378
0.371069
-2.36696
1.49196
-7.3747
-3.42414
-2.51762
0.954953
-0.622333
-3.72063
4.88821
2.24158
-0.334351
-5.26277
3.50416
-4.24355
-2.97382
3.75386
-3.40962
1.09948
-1.19825
7.66694
-2.56277
1.32556
1.00007
2.88841
-3.80197
1.06821
-8.18588
-2.5469
2.37969
-6.78458
-1.33808
3.42644
-0.694507
5.4621
4.5033
-2.3238
-3.72888
1.67718
-0.64205
-2.23787
-5.83225
-0.319313
2.39916
-5.34153
-1.31835
-2.77912
1.05744
-2.10433
-1.50827
0.783092
2.90996
1.20955
2.08455
5.58371
3.1942
13.0939
3.1976
-3.78366
3.94785
4.10947
-3.6866
4.92538
6.26409
-2.94289
-0.917875
1.14138
1.21429
3.00361
-0.23814
-2.1938
6.43849
-4.21208
0.0547618
1.9185
-0.710422
-2.50532
6.65407
-9.9539
0.595413
4.67167
-4.78645
1.36109
4.07748
-3.91315
-1.15288
2.28249
0.459111
3.27342
-7.2597
7.98999
3.37895
5.56754
-0.654774
-5.44793
8.78749
2.83619
4.7402
1.26886
-5.79599
4.43285
0.583917
-2.49067
-4.55228
5.71355
-0.438045
-1.04351
4.17026
-2.04391
-0.179722
-5.42035
-0.265723
-1.53572
12.5731
-1.53564
-0.066078
7.07234
-0.10679
-0.953576
1.98859
0.0395821
0.402912
-0.533805
-2.62683
6.98939
2.48655
2.69489
3.71301
-4.02017
-2.87973
-3.68971
7.24103
6.08231
4.37904
11.0412
-5.39607
0.0509249
-1.80428
2.37401
-3.24342
-2.5968
2.70158
0.0854104
-0.2479
-0.16532
-3.28649
5.07693
1.89287
-0.288629
-8.79008
-1.39249
-1.12747
-2.31993
3.79631
-5.17702
0.950175
3.03402
9.89667
0.364228
-3.02936
-0.0550886
-5.24875
4.0689
-0.618462
1.9357
-1.94539
2.30119
-0.3724
-0.905045
-2.23566
-6.31296
-2.06404
-0.360312
-0.311278
-3.36225
3.9342
3.53749
-2.38616
-0.0132642
-13.8417
-3.15178
4.41348
-5.2653
2.86805
5.96421
-1.02522
6.0166
1.72773
3.54823
3.18034
5.05583
13.2042
-6.56372
-4.94062
-4.061
-1.73381
-5.52148
1.67141
-2.07993
-1.87456
-0.687698
5.85762
7.84771
1.85192
0.487912
-2.55974
2.13845
5.05261
0.740105
-3.71421
6.54096
5.43014
5.01623
-4.74097
-3.19482
-4.40612
4.62326
6.6084
-2.02153
-0.264729
6.68848
3.93475
-0.75375
1.51935
-1.4273
1.38968
2.80877
-2.55053
-4.51981
1.62686
6.03599
0.176881
1.19899
-7.29257
2.02129
6.02443
5.86274
4.34976
-2.78406
7.72434
1.32864
0.432813
1.4997
5.20965
-2.60382
2.93143
2.52268
-0.518366
1.47595
1.96294
-1.7096
-2.22168
4.61593
-3.68243
1.08525
-4.77962
-1.39027
1.24337
-7.50448
1.88646
-4.643
3.86039
-0.703763
-0.361844
0.474174
1.48755
7.73746
1.24073
-3.07778
2.78266
3.67769
-5.26121
1.93393
3.91502
-2.31634
3.41707
0.0455295
2.15928
-3.15367
8.6186
0.565306
-5.35171
-3.71652
2.31434
-1.84645
4.10402
4.30283
-3.22833
-1.82675
-3.27988
-2.34622
4.57961
-4.079
0.558948
-1.92856
-3.09941
1.78702
4.02089
-2.18566
3.19015
2.25748
0.36663
-1.77247
-0.7708
3.13022
2.08194
2.12745
1.44533
3.99839
6.30476
-2.61754
-3.98551
-1.70023
1.96271
8.72798
3.02426
-5.12868
-0.939091
-0.467046
3.02333
2.1945
0.352788
1.19553
2.13045
-0.96612
1.35206
-3.91163
1.62716
-2.07271
-0.402429
2.46016
0.874657
-0.0729584
-6.76801
0.928701
-0.310665
-8.48011
-5.94467
-0.954585
4.93477
-2.1791
1.0858
1.21789
-3.5121
0.541876
-7.64112
5.10034
-1.42283
4.70584
11.9015
-2.80621
-4.07271
-7.39957
-0.6519
5.97739
2.29492
-3.8672
4.90312
10.7065
-1.96868
-2.91645
7.38199
-3.05793
0.154506
5.62369
-8.95902
0.276245
1.92056
3.80221
4.83923
1.40508
-1.55272
0.843606
-0.906902
2.54394
-5.41783
-0.954754
6.97527
-0.674046
-0.050677
-1.58714
-1.08511
1.79462
-4.46654
-1.54953
-3.34083
6.94245
9.40801
8.09034
-0.58415
-1.9269
9.83364
-3.87277
-3.32368
2.81449
-2.98928
0.210279
-0.300551
7.41845
0.511429
5.59928
2.74487
-4.28394
-4.43273
2.45756
5.7312
-0.351178
-1.84064
5.14152
3.37762
5.75515
0.999654
2.19164
-5.75675
-5.90747
-0.83658
-6.76791
1.78902
-10.0126
-1.47097
2.33463
0.46734
3.19873
5.45919
-2.5429
-2.4509
2.21496
-4.56535
3.96295
-5.85413
-5.66803
-3.37571
-1.30678
5.51221
-2.70491
4.96056
-3.37401
-3.10053
0.413857
-0.395764
-2.49785
-2.23819
1.6254
-0.786264
-0.00663066
-0.195471
3.72962
6.07614
-0.00583105
4.05717
-2.03448
0.040039
2.59358
-3.9962
-5.06762
4.24053
-2.5127
2.62432
4.0119
0.0507993
-5.44051
-1.90939
-4.82024
-0.476141
4.10826
5.94742
-5.01844
3.75466
0.528489
-2.27843
1.11769
0.564985
4.37077
4.71224
4.81011
-1.92811
3.79327
1.68479
-3.40727
1.40869
-4.20757
-2.88411
-7.52772
-5.01265
-1.40325
0.0289386
-1.27688
8.30992
5.04763
-1.00984
8.31996
-0.43874
-4.30107
-9.54441
-1.26115
-1.48596
2.63939
3.0509
-3.18738
0.0816487
2.94128
1.43953
7.82173
2.67797
6.42095
3.75969
-0.933318
-5.53061
-5.28746
1.33365
2.37812
4.61239
7.87835
-1.79502
-1.62795
4.03442
-2.14148
-1.43693
4.33125
-0.97462
1.2876
1.27436
-6.63831
6.55014
0.644083
-6.7693
3.75738
-3.35705
1.45803
2.35577
-4.59462
-1.96067
-9.17841
4.43013
7.72158
-7.68732
1.10245
-3.74255
0.211451
-0.0766444
-6.63241
0.601405
1.07191
-0.841691
3.69864
3.54702
2.35496
10.4596
-3.99159
-3.64829
-0.450035
3.04962
-2.06529
0.366245
3.77317
-5.43429
1.10175
-5.39905
1.64795
3.27948
-4.29847
-1.01995
1.86775
-2.28327
-0.540833
-0.525337
10.013
-5.22361
-2.80838
-2.60588
1.36418
-0.678377
5.07769
-5.07635
-3.28738
-0.360417
-1.46343
-15.3181
-3.32943
4.84036
0.0285253
4.54968
-4.12046
13.3229
-4.09786
0.681153
1.84745
1.60548
3.69629
2.10413
-1.19093
0.221953
5.38889
-4.9249
0.449151
11.726
2.32395
-2.92716
0.633352
0.483163
1.47169
2.66963
-4.5016
-1.3775
2.92587
-6.07214
1.09472
-2.28054
-0.922171
2.4152
6.84371
8.58015
-1.29505
0.404991
2.5844
4.68994
-6.95271
-2.13594
-7.86859
7.59753
-1.23698
0.0581986
5.73261
3.82466
6.67411
3.5667
-2.37287
4.27065
2.23572
-0.282277
-0.35581
3.18576
2.30678
-1.4455
-4.25234
-7.31341
3.85916
-5.02121
2.27123
1.53982
-0.237807
-1.54493
1.46369
2.19928
-0.448966
6.81351
4.08543
-0.731337
-0.912749
0.391091
-1.00692
2.58324
-0.339639
1.82315
3.41238
2.17377
-5.55717
2.24287
1.70635
-6.27347
-1.02995
-1.45606
-6.30465
-3.09367
1.32859
3.91576
1.15196
0.806292
2.91162
10.4795
-1.9784
5.13494
0.470995
-8.83969
-1.98243
1.27288
7.14875
1.43561
2.21821
0.678245
8.28731
2.60178
4.94662
9.06277
-1.22503
-2.37206
4.74805
3.13177
1.69148
-4.7882
3.24927
5.55111
-2.25378
0.771594
-1.28126
-6.81687
0.194859
3.39467
1.01606
9.25736
-2.0678
-3.09877
-3.7656
-1.00647
-2.78485
-1.43594
2.6428
3.84867
1.23869
2.79601
4.31935
0.151902
1.89001
0.484237
-1.01839
2.35556
-0.811465
5.30348
-8.32378
-3.01837
-5.26597
6.22313
4.1431
1.26492
1.16346
-1.21402
-3.75851
-4.02577
4.58381
4.33882
-4.83131
3.13724
2.15456
9.14871
-1.0608
-4.46777
2.25898
-0.587572
0.24088
-1.03218
-1.3816
-5.75257
0.887077
-3.0534
3.02709
2.4726
0.432665
1.09604
5.12862
-1.4877
3.75328
0.22469
-3.52968
-3.45372
-0.33173
7.37209
3.40288
2.74362
0.360129
-6.27518
-1.67464
-6.09682
-5.8298
0.395074
4.84946
0.157449
1.06408
-1.11823
-0.868563
-2.75557
-1.85878
-0.734353
3.91763
2.51183
-8.6672
-0.411356
11.1357
6.38421
3.99225
-3.63653
0.978029
1.30853
0.351066
-0.139914
-0.0659546
3.41184
-4.07737
4.64977
-1.44655
-5.46787
-3.14274
-0.994378
-3.47265
3.94408
-3.64445
-5.97632
0.839385
0.157544
-1.04741
1.62382
-0.988892
7.1827
0.470394
0.155768
-3.70195
4.99756
5.35845
-2.33853
3.71162
4.03435
2.17682
-3.39991
-1.62472
1.26754
-4.67163
4.23216
6.96501
2.42778
4.65845
-0.0994992
3.19292
-2.55958
2.32011
5.75026
-6.52061
2.30629
-1.55957
-4.08204
-2.24829
4.44575
-0.0522542
-2.35055
4.23401
2.36598
-6.09915
-3.11557
-8.43798
-2.30603
4.65441
3.42377
6.48431
-4.71883
1.52907
2.57998
-3.82012
-2.63957
7.38427
2.53924
-0.609944
3.08753
0.0401907
-0.475472
2.93711
8.3663
-3.48164
-3.88444
0.685875
3.47874
3.97499
5.17924
1.25799
2.70388
0.298514
0.885897
3.57202
1.48908
-2.16341
2.05037
-1.97084
-0.555212
0.197539
2.48592
4.18515
-3.22258
7.73291
2.81766
7.5351
0.983136
-0.199122
-0.612838
1.78152
1.77299
9.48144
-3.4055
0.461043
1.43296
5.62829
-4.86401
2.45459
-2.10426
0.438866
2.12362
0.523571
5.07584
3.14482
-0.878545
-5.4335
1.45931
-0.0212006
1.86016
-7.02951
-1.1945
-2.95689
-3.7271
-10.2694
-1.14918
-3.82591
-0.623863
-3.90746
-3.51463
-1.92044
8.17869
4.90339
7.69416
2.4527
3.60146
3.19125
-0.0976683
0.987668
9.4094
-2.372
6.10992
-3.02645
2.69428
-4.02584
2.80789
2.51767
1.56024
2.24045
-0.373405
0.520715
3.69208
-1.30815
-4.30607
-2.09079
-1.65111
0.621673
1.96355
-1.39586
-4.60941
0.951805
-1.90514
1.40854
-1.23855
-12.3246
-2.1956
-1.1103
-1.66923
4.92342
-2.93125
1.41777
-4.93245
1.91822
4.21701
5.60488
-5.86144
-7.96472
-4.01255
0.280692
-3.44614
4.65725
-1.31637
3.19976
1.25475
3.16407
-4.49023
-1.24784
12.1599
8.97448
-2.25127
-0.17878
2.3126
1.76363
-4.6751
-3.63259
-3.87008
0.0452626
-3.47545
-3.04351
-0.959369
1.70869
1.68024
4.91153
-3.985
3.92365
-4.97593
-1.37556
1.37747
-3.42273
0.867326
-0.13622
-9.53614
4.45015
2.01373
2.0415
-3.02179
0.858288
-1.82496
3.62779
0.994007
4.65901
0.324119
-1.74526
-3.1772
-5.02535
3.13142
-7.98896
-1.83706
-2.29421
5.02267
-6.78371
-5.26645
-0.778397
-2.96923
4.43949
3.67155
-0.602504
-4.9975
-3.14854
0.343591
1.32582
5.13606
0.565672
3.83136
1.91813
7.53297
1.54677
2.41474
-0.501782
7.14987
2.32997
1.28339
-0.261422
-2.09692
-2.59911
0.229335
6.0455
-10.8795
-3.147
8.95837
-1.51141
0.0493556
-0.431601
-0.380893
-2.17009
7.85427
1.96687
-2.43998
0.728616
-12.2699
-2.67021
-6.83615
4.79513
-2.59582
2.86574
1.22975
3.0663
5.93893
3.27243
6.95654
0.134987
3.7415
1.45206
4.75092
1.48003
-7.79321
-0.611998
-1.17352
2.78807
3.68609
-0.119285
-0.0605637
-0.243324
-0.217753
-0.322216
-5.04958
-9.94169
5.65415
5.09721
1.2987
4.21733
-8.9234
3.74522
0.325201
-3.45834
3.65328
-1.15669
-0.263435
-7.03612
7.98985
3.14979
4.40722
3.6269
6.06532
-1.9006
-7.76485
-4.98915
-0.7939
-1.91541
4.23287
-2.29564
-3.34568
-2.79559
-3.99662
-1.70016
1.53153
5.71725
5.07296
5.59792
3.09459
-5.2862
-3.42261
2.80457
-5.02528
3.59904
-1.29539
7.96082
-0.461675
-2.38427
5.62597
3.81161
-11.3532
-1.61341
-2.59743
-2.30859
-4.37287
3.89536
-2.81628
0.0163635
1.10593
-0.918729
9.04404
7.74123
-2.21052
3.97259
4.74196
-2.68214
-2.63271
3.53516
4.75545
0.386583
-3.7711
0.469264
-0.983968
-1.98284
6.21032
-2.07403
-2.11946
-5.68132
-3.3387
1.763
1.71369
4.53133
2.08335
4.12721
6.57674
2.82505
-1.26653
3.41384
1.39274
-1.15732
4.51422
-4.65629
1.54415
-1.69507
-2.93665
-0.389125
0.511949
4.445
-4.59588
0.403038
-3.10415
0.691485
-0.10679
8.21608
-6.34135
8.35786
-3.79446
-1.95227
-5.78708
3.85456
5.88864
0.8704
-2.45696
-0.284072
0.505361
-3.01366
-2.55478
3.76012
0.545897
0.794918
1.03796
0.15309
1.50269
2.15995
0.136657
8.87206
3.05153
0.784192
2.90503
8.02154
8.86752
4.38567
4.24773
-4.87585
0.562215
-10.9456
-1.94579
-2.88494
-0.655834
7.56
-3.63101
7.02256
-6.44099
4.61143
-2.39366
-0.951973
1.86664
-2.62739
2.79003
0.827776
5.57482
-1.9709
-2.72109
6.84357
1.06825
4.20658
6.79039
0.894929
0.0720569
-3.57517
0.882402
2.55603
1.22539
5.60861
-6.63601
-1.03766
-3.42647
-13.1441
-2.80173
-1.93945
2.66437
-0.425302
6.67971
-0.0626134
4.09682
-5.63033
0.744039
-0.31092
-5.24483
-2.27365
-0.492153
-8.90835
0.434687
-1.98357
0.365824
0.380041
-2.15001
1.18303
11.5671
4.85164
3.99379
-1.79287
-6.71698
-0.771221
1.86474
-6.69897
4.66568
-1.17482
4.71114
4.20885
-8.29857
-1.81258
3.4456
2.75419
1.21116
9.06744
4.95261
0.900136
-2.70421
2.03119
-0.0368035
-5.0064
2.61659
-2.11719
0.888708
3.30238
3.25903
3.87624
0.348793
-2.49129
0.203523
0.788423
5.70408
6.25924
-1.43362
-0.382685
0.670576
-3.36002
4.46837
2.27201
0.836574
-8.51312
1.71084
-7.99899
-0.714614
1.47996
-6.97145
8.69007
0.052757
0.119713
-1.54085
-1.10685
0.125069
-1.81812
0.877217
1.39986
-0.182677
-3.59845
5.37055
-0.926399
1.21657
-3.53399
-2.00818
0.140004
7.85866
-5.53656
0.198859
4.1802
0.642107
6.16292
-0.739924
5.03592
2.93611
3.98563
-2.73934
1.58139
-5.69646
1.89993
5.01219
-0.181652
0.00634133
6.28657
0.219869
3.38253
4.85934
3.5794
5.49875
-5.48415
5.53697
5.95969
1.3223
3.14858
6.6948
-2.77204
4.68547
-4.12974
6.62598
-3.85707
0.962436
-3.78064
-5.5243
-0.658052
2.12024
6.47954
-0.704179
-4.42397
-4.75153
-0.0272622
-1.18398
3.86745
-2.82254
-1.08883
1.9452
4.49413
4.32269
2.28202
2.32291
-3.87188
3.19354
0.856283
10.0894
-9.71061
1.42909
4.93528
1.99163
-8.50852
-5.44492
-8.33927
-5.39768
2.40501
2.3187
1.61478
1.03066
-1.91258
-0.544901
-0.0879633
8.48374
0.37512
1.13016
4.26417
-1.35588
5.2964
-0.849809
-0.695084
3.20112
0.790436
-7.54201
1.75304
0.443726
-4.1671
1.98985
1.99795
-0.926685
1.00397
-0.243667
4.59124
-1.93543
1.79201
-2.06115
-1.75908
0.891205
-3.22397
5.73295
0.0157578
2.58674
-5.06776
-3.20936
-0.559154
-8.06937
0.768269
-0.215092
6.62916
-3.54011
-1.1712
1.84261
-3.62926
4.89068
3.97459
-3.67357
-3.35404
1.0788
2.21578
-0.921246
-12.3358
1.69952
-0.55485
2.53511
0.103176
-1.6027
-2.6881
-1.57731
-0.126561
0.294728
4.32764
-6.23686
0.788601
-1.63293
2.59107
-0.5282
-3.22523
7.08387
4.49462
-1.8631
0.132319
2.9949
-1.32303
-1.35659
-4.1613
-1.57624
-0.435738
2.86639
0.110604
9.22681
0.592323
-1.74731
1.24194
0.661111
-5.05434
-2.80797
-5.67431
-4.74783
6.52566
0.254644
-3.61341
-3.92209
3.42136
4.30113
-0.567282
-8.40117
-6.07099
4.17991
10.0546
-2.00131
4.32555
-2.35646
-7.36431
2.13081
3.7838
7.75091
3.99872
6.18075
6.27334
3.56597
0.962408
-1.98599
0.779624
-1.15268
4.67449
3.16922
1.98472
3.99605
-2.52966
-8.1217
-8.21144
7.58914
0.784891
1.4705
0.361037
1.32668
-7.44203
7.39796
2.99004
-5.02097
-5.92633
-1.58751
7.51305
5.47638
4.15606
-2.74247
1.97134
-0.104649
-1.68175
2.02819
1.17943
-5.50825
-2.91655
2.28276
-1.30031
-1.24182
-3.13992
1.25546
-0.557394
0.574215
1.61583
2.51064
-1.47811
-0.41562
3.66285
0.0851575
-1.08248
-7.76613
0.141979
-1.10679
5.19315
6.49138
-0.556224
-3.49837
9.25212
4.20032
-4.26503
3.14251
-0.618188
2.48045
-2.03756
-5.67736
1.89081
-1.53193
1.4867
1.42328
6.67011
1.14097
-0.435071
1.71647
-0.407095
-1.31499
-2.3937
-1.0369
2.63282
0.78302
1.14343
1.56808
6.45305
4.76218
1.92964
-0.636261
-3.07903
-0.93681
5.95058
1.56044
5.13024
1.91061
0.409255
2.15898
5.01572
-1.89739
-0.0573377
-6.27346
-1.25782
7.69896
-2.11615
-0.188451
3.06866
-1.80054
1.87795
3.54075
1.67612
2.54617
4.65183
-0.816249
2.91747
4.98458
-0.546344
5.43264
0.444476
7.45527
-0.520065
-3.25918
2.55052
4.77427
2.03756
-1.39714
0.981044
2.35439
3.64046
-2.54203
3.50025
-3.12411
5.77089
5.40111
5.11881
5.10794
2.4998
-0.41459
-0.762383
6.08972
-1.04723
3.16774
-0.243611
0.815356
-2.89509
-3.19014
2.38022
10.3079
8.96358
2.25556
3.13291
-1.70708
0.710179
1.44929
-0.918968
3.3424
0.646823
4.60086
2.78542
-2.95323
5.0769
-7.39469
1.38739
3.75446
1.69046
-0.327374
5.50474
0.545604
2.80088
-1.80531
-3.83493
2.33039
-2.8487
-1.38167
3.79534
-2.43812
0.426784
5.48975
-0.79077
2.30089
1.46901
-1.65484
-2.7571
7.54974
-5.78481
1.19092
-4.89194
-3.7566
6.6239
1.90835
0.514925
-4.51477
1.57921
5.46485
-5.78099
5.03106
3.92143
-1.52855
-10.457
4.9757
5.09759
6.6645
-7.81745
-1.93243
0.0709031
3.33095
-7.19917
9.30854
3.92984
-6.23131
6.22228
1.1291
2.32354
-0.499913
1.94818
-6.94558
3.24137
-1.41896
1.19666
-5.63848
6.27572
-0.104852
-1.64264
3.84907
-4.26733
-0.235425
-0.31293
-3.39876
0.969113
-3.41418
0.0287316
1.48885
6.78972
-5.81155
-1.70216
-3.37349
-0.589008
-7.52734
0.121721
-4.05304
-4.18869
0.566322
-2.21553
2.17433
-5.47801
-5.30841
-5.52865
0.994288
-0.759048
4.57745
-2.13597
-0.902281
1.87074
-4.3824
-7.84598
1.77766
1.29747
-5.47948
-4.55019
8.61755
-2.45332
0.424831
8.52613
3.62122
-0.599355
2.2247
1.6543
-3.35189
8.94714
-2.49735
2.29856
-3.77652
-0.932644
-8.18806
2.49741
-4.37877
-4.09747
0.423009
1.31629
0.0601838
2.82324
1.96091
-2.21259
0.977488
1.39776
-0.304227
-2.96525
-4.87778
2.06967
-1.66472
-3.84943
0.955082
1.10371
0.818062
4.81648
-3.21136
8.42135
2.16633
4.90229
4.01726
4.03949
3.66637
-7.14446
-2.94723
-10.002
0.537611
2.9082
0.545394
1.56881
-7.20911
6.06887
1.14298
4.12854
4.04515
2.49841
0.625624
-5.70942
-3.45233
1.84429
6.34433
3.05299
0.240247
-0.483629
2.17536
-0.306658
0.756097
3.74986
-3.01692
-4.42744
-1.48019
1.27611
-1.64675
0.701045
-3.79305
-0.565519
5.13585
-0.0219513
-1.94983
-0.928061
0.584832
-0.349758
9.0106
-1.06129
1.33307
1.94455
1.3668
-3.58424
-7.42973
5.48213
2.82597
1.15499
-7.41947
4.67988
-1.91148
5.38828
-2.86079
-2.59164
-2.10768
-1.18185
-7.54428
-9.09216
2.16497
1.57752
5.57379
-2.3918
7.47299
5.5074
-0.560504
-1.32847
-0.693492
-1.61076
3.10451
-1.32239
-4.75318
-0.31017
4.46671
-2.22246
-3.32565
-0.159928
2.89633
8.3172
2.0556
3.9631
0.546686
-3.54328
-2.06431
-0.820147
-5.57397
4.95031
-0.124693
-0.668974
-6.58719
0.181213
0.933548
0.309936
-4.33284
-4.84268
1.54727
0.885374
-3.58583
-8.30029
1.02052
8.06554
-3.89427
-5.08297
-1.07827
0.566134
0.585536
-7.92894
-1.75609
3.06565
1.60198
-2.25023
-0.576075
-1.95772
4.15539
-4.43013
4.16683
-2.58528
3.21618
1.74529
-2.38495
2.3535
-1.02623
2.57283
1.15339
1.70877
5.8908
2.144
7.5783
1.67498
-0.259257
1.51075
0.874683
3.8968
-3.0734
1.88825
-3.36337
-2.3844
2.13598
4.31024
-2.96096
2.57651
-2.04057
0.861896
0.958932
2.42288
-0.0370614
-0.088218
2.28371
-1.47757
7.01392
0.623456
-9.50251
-0.617324
2.86089
0.790101
4.81375
8.49593
-2.73269
-3.0607
5.47712
-7.37954
-3.31295
7.67355
2.30852
5.45688
0.569139
-1.58143
-4.92511
0.720951
1.65461
0.609192
0.417969
0.756414
2.99954
0.0654458
1.47892
3.97028
-0.429876
1.71486
0.526031
-4.79732
1.98836
0.0878342
1.37986
-0.551688
3.85331
-0.636292
-1.63771
-0.197125
-5.36403
1.76698
-2.97703
-6.56092
-1.43128
-0.298719
0.727875
3.70132
-4.91535
1.1005
-2.41716
-1.17738
-4.50437
-4.64479
-3.41342
6.76754
7.90053
0.489154
-0.419132
3.49396
5.21227
-0.646303
-0.410145
-8.59597
-2.80612
-4.03842
0.707638
4.00596
-1.09019
3.57859
5.79898
0.941171
-7.57301
-0.936605
2.55282
-8.72528
-1.42536
-1.04335
-6.19936
-0.0863679
