0.503992
0.447479
0.414094
0.390417
0.37212
0.357246
0.344742
0.333974
0.324533
0.316138
0.262409
0.23251
0.21214
0.196878
0.184782
0.17483
0.166421
0.159172
0.152823
0.114424
0.0947935
0.0821701
0.0731272
0.0662217
0.0607191
0.0561986
0.0523987
0.0491467
0.0310729
0.0229868
0.0182485
0.0150951
0.0128316
0.0111227
0.00978475
0.00870817
0.00782303
0.00357616
0.00210075
0.00138247
0.000972309
0.000714712
0.000542269
0.000421395
0.000333665
0.000268223
4.7741e-05
1.22685e-05
3.56e-06
1.05072e-06
2.91502e-07
6.90278e-08
1.16825e-08
8.45715e-10
0
