0.221029
0.181209
0.159684
0.145264
0.134585
0.126196
0.119341
0.113582
0.10864
0.10433
0.0785829
0.0656063
0.0573118
0.0513865
0.046867
0.0432662
0.0403069
0.0378171
0.0356838
0.023736
0.018285
0.0150279
0.01282
0.0112073
0.00996942
0.00898487
0.00818056
0.0075096
0.0040968
0.00276547
0.00205185
0.0016079
0.00130622
0.00108877
0.000925251
0.000798293
0.000697219
0.000261785
0.000135604
8.1147e-05
5.28123e-05
3.63344e-05
2.60105e-05
1.91854e-05
1.44864e-05
1.11463e-05
1.43069e-06
2.90019e-07
6.86589e-08
1.6744e-08
3.83636e-09
7.39909e-10
9.8431e-11
5.09837e-12
0
