0.367778
0.31569
0.286112
0.265662
0.250157
0.237743
0.227439
0.218663
0.211042
0.204323
0.162634
0.140437
0.125739
0.114958
0.106558
0.0997459
0.0940607
0.0892125
0.085008
0.0604407
0.0485021
0.0410725
0.0358797
0.0319922
0.0289458
0.0264791
0.0244318
0.0226996
0.0134486
0.00955476
0.00736197
0.00594589
0.00495399
0.00422045
0.0036564
0.00320972
0.0028477
0.00119306
0.000662809
0.000418164
0.000284144
0.000202814
0.000149955
0.00011386
8.82715e-05
6.9591e-05
1.07101e-05
2.4765e-06
6.56349e-07
1.77931e-07
4.53295e-08
9.7958e-09
1.48915e-09
9.28522e-11
0
