0.173949
0.139911
0.121866
0.109927
0.101168
0.094337
0.0887908
0.0841559
0.0801977
0.0767598
0.0565263
0.0465479
0.040258
0.0358114
0.032448
0.0297871
0.0276134
0.0257943
0.024243
0.015698
0.0118956
0.00965983
0.00816237
0.00707919
0.00625453
0.00560325
0.0050745
0.00463588
0.00244693
0.00161833
0.00118277
0.000915771
0.000736488
0.000608562
0.000513208
0.000439749
0.000381677
0.000137195
6.91172e-05
4.05014e-05
2.59119e-05
1.75688e-05
1.24167e-05
9.05396e-06
6.76526e-06
5.15546e-06
6.1582e-07
1.18497e-07
2.68274e-08
6.27432e-09
1.37852e-09
2.54183e-10
3.20777e-11
1.5441e-12
0
