0.288891
2.10187
0.4899
0.866755
1.84026
1.0003
5.43818
0.644652
1.58419
3.76884
5.35411
2.23914
0.725319
1.49981
4.43413
1.00509
7.85557
0.942019
1.47032
16.2473
10.1493
12.8164
20.9873
0.322981
2.19994
3.79106
3.21752
9.76092
21.7052
4.39888
7.56616
6.74608
0.0161816
2.55513
5.69327
5.53759
1.68794
4.97502
5.80763
10.5831
3.4336
7.26547
0.395591
4.06312
1.6685
0.542928
0.964166
5.86579
6.7873
2.36949
9.21339
2.12859
20.4549
2.79839
1.55066
1.33214
6.38471
13.3452
1.73415
8.03785
4.24729
0.736486
13.0068
2.03376
3.28385
0.807386
6.07892
9.16929
2.42223
9.25715
13.9918
8.14169
4.96162
2.21184
6.96228
9.39839
2.15236
2.7714
2.47977
6.07333
11.0239
12.4485
3.20409
5.76549
5.5182
6.61145
13.2915
1.23855
0.537984
17.4424
5.90081
13.7582
10.3251
1.30405
6.02569
12.7555
5.64307
5.34942
5.74851
11.6154
6.66812
17.9769
2.4226
0.680738
0.679033
1.61585
2.36898
8.05599
1.0497
3.64879
2.25802
1.09617
8.33831
4.32631
4.15691
7.25212
10.3569
33.3664
15.2482
9.24277
4.18631
8.66063
9.77223
1.97987
6.73978
5.02584
3.6306
3.86738
2.82724
4.66519
4.41169
0.0136875
0.213751
8.66107
14.0432
10.6749
3.79798
1.43468
5.83632
2.9016
1.74398
3.75873
3.84904
6.75816
0.0985803
6.01582
7.72239
0.175995
10.2335
4.47432
1.04236
3.81059
0.354519
26.0323
1.15661
11.5339
3.59584
19.9246
0.722332
13.2671
0.143897
6.34244
0.0522594
2.70366
1.65029
17.6468
3.45237
6.3956
3.58932
1.81559
3.9411
2.62305
3.50636
3.28054
4.66906
14.3602
1.11215
2.24248
1.83711
0.0525458
0.330284
0.876025
1.22028
19.9744
2.57427
7.53315
6.30816
0.256462
4.36587
1.49596
0.705677
22.8743
3.11986
3.99212
10.0545
3.2002
3.52183
1.90761
21.6128
4.08102
5.64821
2.93266
3.13836
3.23751
2.6126
7.79283
1.41125
4.58082
3.35542
1.84858
10.7446
6.62373
0.765701
6.04182
0.881392
2.43614
1.32391
6.88739
2.05339
2.00477
10.7759
1.56668
0.497108
6.21871
6.8562
0.674696
18.9973
0.417265
4.48417
4.01792
3.02737
1.00844
4.11214
0.285421
6.44326
15.7801
2.71612
11.4903
7.07339
5.61447
1.46078
1.22617
0.642332
1.4573
0.18463
2.76624
15.9571
5.30549
0.546681
9.08065
2.35841
3.25689
1.33021
0.716463
0.0920175
5.7115
14.698
4.39246
5.38312
8.18057
9.52066
0.655899
2.04566
0.594717
3.47094
6.72138
2.50164
3.77499
1.36159
3.66154
4.61898
0.937217
2.18764
0.263716
7.89489
2.07721
11.7251
2.40334
2.08822
15.1655
16.4157
4.99515
0.591803
0.184358
7.69065
2.66133
2.99513
0.482836
2.87515
4.62637
3.59827
4.97678
0.871731
1.47342
1.85031
3.6846
5.99829
7.36926
7.77323
0.721446
2.24317
0.24609
0.69703
1.29464
0.153685
3.61521
3.39308
6.59028
3.56482
11.7685
7.43651
6.01987
9.05321
9.23381
0.436704
6.59509
8.00247
0.569595
4.17835
2.48495
1.07776
3.95723
4.68344
0.134517
4.55787
1.25562
0.73023
8.92323
3.09696
10.8115
0.951458
15.6935
4.56747
0.330423
3.3244
24.8884
11.7371
1.39762
1.46274
11.8874
2.28145
8.02082
0.383575
14.7451
0.733865
3.62707
1.51985
5.85914
3.16132
7.7666
5.13294
4.36045
0.910134
1.66799
0.750799
1.15487
17.225
0.287263
1.08762
23.5539
14.4495
1.86279
7.34848
1.16998
7.45202
4.04206
1.26367
0.686762
2.96531
0.189761
0.79241
8.86774
3.42252
5.38623
5.11099
4.52787
1.0263
1.87905
8.18636
0.062706
2.56358
1.78502
12.297
4.35107
5.61291
6.51831
3.18371
2.50099
0.951024
0.224293
2.26864
11.2152
22.0246
12.7369
1.58111
2.6051
4.24205
0.177033
4.02892
4.45384
0.355229
1.79009
4.4695
1.64735
2.89414
2.22979
5.69901
4.27842
12.6906
13.0722
2.31552
10.224
0.390627
0.956472
1.91199
19.0693
2.87284
5.56686
1.55688
4.19679
1.75348
6.25179
0.791579
8.72988
7.91479
3.20329
3.68364
2.35651
0.342184
1.39312
1.46797
1.9336
12.8743
1.7037
2.04202
8.53814
4.35186
0.105537
6.38332
8.97561
3.57744
3.28652
4.57706
0.895297
8.6369
0.773444
0.693605
4.09179
1.80359
1.12468
4.22349
9.80702
0.535455
1.0357
14.6898
1.47827
4.52658
5.91628
5.53801
4.59865
11.4463
10.1401
5.93832
3.64278
0.0497312
2.89817
1.54604
1.48601
2.50082
3.37313
2.98604
3.32877
0.481808
1.08821
7.74603
3.97621
4.94302
0.256943
10.3171
3.23553
6.91843
0.428336
4.71827
1.18634
9.70193
2.30799
0.220121
5.87427
11.7286
19.7449
5.73332
5.32782
0.377777
12.1221
1.75223
11.6643
6.99078
1.55982
2.31983
4.37143
2.1883
5.57863
0.672057
1.1651
0.954554
1.80483
2.78978
13.1268
18.0604
1.83322
4.17519
1.83123
2.98529
1.21939
7.56454
19.5656
11.4534
6.85496
6.92237
1.80045
9.7026
8.87026
3.08764
4.88152
3.873
3.02511
7.84156
14.6912
0.0435144
1.86489
3.64191
4.01434
0.539473
14.4354
2.97487
4.63175
5.33545
3.45206
2.51273
6.71243
6.79295
13.6882
13.5491
22.7251
1.82229
19.6484
4.08409
4.14174
7.6047
9.99934
6.99756
13.8395
4.95021
0.519101
2.11452
13.3578
1.87495
4.71081
2.57756
4.62677
1.11033
9.36837
0.276014
3.2427
11.7611
0.354906
6.46032
1.69907
1.40395
9.51103
1.39269
7.02245
2.81827
13.6853
4.47103
2.3033
0.788892
2.79661
9.60595
0.835758
2.98044
0.799331
0.100018
0.300506
0.193727
3.9879
5.61326
13.7531
15.6763
4.71948
0.378333
7.4377
6.37521
13.8215
0.803549
8.41154
8.31987
4.14758
5.37306
3.00939
4.45508
8.61858
2.02803
0.419155
7.36298
4.19547
1.02344
1.54409
3.41898
4.79739
5.73157
3.11735
13.5413
7.14696
0.997103
2.70347
4.97215
9.9231
6.54052
17.4345
5.90183
1.64855
2.24116
2.47019
39.575
4.02169
2.28366
1.32014
1.98447
0.33468
1.37281
1.63768
2.92164
13.4519
1.81246
6.21202
6.6322
9.07338
1.29892
0.547929
4.2295
0.286788
0.399119
3.09909
4.20524
6.1353
10.9681
3.163
3.40754
0.132065
1.85962
2.92606
1.0163
2.4587
1.48837
1.72504
5.13769
13.5381
2.49161
2.88888
0.822776
3.08449
1.63456
2.08257
4.57412
8.02045
17.7765
3.47565
1.60735
11.9492
8.79565
0.0653389
7.12093
0.904032
2.9222
6.78525
5.28519
3.57535
2.591
0.468319
3.74322
26.8716
1.61054
0.0237899
4.74814
4.26651
5.07637
1.99015
7.80832
1.92461
2.65904
3.0714
10.3016
8.71845
0.554953
4.32996
0.815747
7.77325
9.64834
3.76808
8.56056
1.82719
4.12013
1.58173
11.6381
6.17949
0.251133
10.2376
5.57097
9.26978
7.50244
1.50756
0.734532
0.658143
7.62127
4.82713
1.93665
3.66472
16.5631
5.89931
4.77836
12.2537
5.78088
3.54833
3.33708
0.976771
1.93645
8.53725
0.474676
4.91677
8.4808
2.32367
0.380942
4.76712
8.90004
9.0516
1.14167
12.4922
2.19719
19.8794
15.8299
0.566428
1.78643
0.341264
2.66224
7.88905
3.15317
2.09183
5.15934
9.50668
4.50687
0.0858529
1.8379
9.1696
4.13146
8.67346
0.922217
7.14792
2.19111
4.82466
2.55547
3.45731
0.373746
9.75806
3.85581
5.44382
4.40267
2.88309
2.47912
3.59846
2.04142
1.35159
1.76505
0.755881
5.58811
2.59505
11.0618
3.47582
3.74449
3.46597
3.52669
9.5861
2.7409
1.6242
3.26916
3.73267
7.59466
1.93964
4.60522
6.54549
0.49308
1.89024
3.60449
3.24353
0.493125
13.9617
13.236
8.86192
9.33824
0.848591
0.0667386
0.336917
4.3279
0.0675514
0.960719
2.40671
14.3526
0.087564
3.90613
4.04133
1.01099
5.67083
2.45673
8.8906
2.91456
0.882893
2.95443
1.23782
6.49275
3.80881
0.615777
13.3973
1.34484
3.63117
8.60799
3.03496
0.881851
3.6905
1.77624
4.50902
0.773981
12.9338
19.3379
1.36631
2.10077
2.56582
2.82168
0.690799
2.70887
9.20292
2.26389
4.01744
0.563568
0.607315
6.89104
7.3994
4.03893
1.64228
8.92412
3.22503
7.61551
0.765149
1.45448
0.133448
8.36319
0.72573
3.53448
5.34063
9.09192
0.449544
0.916396
2.49646
1.10862
3.46486
15.169
3.4095
5.81983
0.965189
7.30265
2.48185
9.48106
5.53101
14.581
4.75748
4.62698
4.1002
1.46205
4.9606
11.9851
1.10705
2.74486
4.8746
1.98466
3.09248
2.01277
2.63097
0.0257515
1.71247
0.434286
12.9655
10.3139
25.914
1.78168
0.0967793
3.93767
7.19895
1.43393
1.51233
0.662377
6.8417
1.5184
0.798482
3.17254
11.6695
2.05509
1.08669
6.51646
0.000417736
6.62891
3.03248
2.74663
0.962166
4.28506
6.89279
11.1879
5.12541
2.29524
21.5573
1.14774
2.55694
4.93795
8.18739
1.00494
0.730911
13.2133
2.47842
2.56258
15.4075
5.62786
10.0484
5.51047
1.43946
1.30266
9.81313
6.17714
1.60843
0.157407
23.9256
2.37399
1.60358
1.34293
13.4671
0.488662
0.00280007
6.0671
7.31019
3.14285
2.01241
4.96272
3.94978
2.14952
0.504464
0.786401
3.26635
0.737428
10.1513
8.61899
9.91871
0.754421
2.44845
10.4413
3.92196
3.25314
6.94387
7.08831
4.32861
0.54108
0.576337
10.0904
6.75688
1.55212
5.6616
4.15884
6.58281
8.97699
10.2091
5.63704
1.1593
5.02228
2.91985
3.13808
0.594678
6.98017
3.82132
17.2023
0.175821
6.14471
12.3184
0.642848
0.259734
4.06379
17.1943
9.59148
7.30988
9.03409
4.92596
10.2034
1.62195
5.24755
1.54744
5.84404
1.98046
0.383715
7.91183
3.57846
0.764963
7.86238
5.35968
15.7135
8.38827
2.92619
3.68055
1.50593
3.3642
5.27852
8.89406
8.79517
5.36216
2.33914
3.07529
1.31145
3.67657
11.3495
6.53707
2.43725
21.9744
0.75675
18.3733
0.591204
5.24477
6.65238
2.86967
14.6115
2.2499
7.32774
5.22161
3.84862
4.76726
13.0786
4.62691
1.53774
3.02106
4.65386
5.72988
9.88421
8.9258
7.62649
7.51463
4.1054
7.40339
2.42848
10.0636
1.56596
5.05951
1.64108
1.75348
1.42521
0.0529751
17.5078
3.22856
2.55793
1.61037
15.7881
13.5032
2.29618
7.12623
9.8173
2.34528
11.1065
0.378508
1.89221
0.58206
2.08804
23.9304
7.42874
5.77357
12.8487
0.985414
7.88949
1.06066
6.28452
2.00121
0.81895
0.923882
4.23611
4.52091
3.24399
4.73954
4.79449
1.89525
5.74581
0.468322
0.0801168
2.50656
11.4541
9.07703
5.09949
3.94513
4.57971
1.20903
1.25652
3.44718
9.10902
0.221434
0.714921
7.95024
8.96213
0.00621359
6.44392
0.438486
4.75971
0.303539
9.17462
8.65488
0.257152
6.37628
5.29446
6.18663
7.15011
2.27162
0.656892
5.26696
0.63376
0.994397
1.97302
7.01103
1.20463
0.354828
5.57092
0.904529
2.17849
5.62417
10.9473
2.14976
0.0945987
6.98778
2.07374
2.98902
10.6271
1.85584
0.147646
7.98675
21.0113
5.56682
1.28552
7.76922
19.0774
4.65622
15.3956
28.4232
6.24789
6.33997
5.03836
1.8634
4.65767
0.632165
5.4816
14.0541
5.77914
2.57393
12.1565
1.99636
8.73259
8.70178
1.36018
1.35381
9.29157
5.78863
2.92787
7.24841
1.44854
1.32477
2.97558
1.23979
6.41007
2.3818
0.00858754
3.65822
14.4989
1.70915
3.64758
0.964676
0.566135
3.44671
1.23723
11.3464
7.56393
12.1112
3.90022
1.40912
17.6341
1.65249
1.16167
2.10994
2.9347
2.51069
7.8444
2.42791
4.26683
17.1843
3.79361
1.37358
2.69413
14.1554
1.59806
3.23722
5.00076
0.495079
2.98545
0.252481
4.4671
1.15239
1.48812
1.81258
11.8575
3.24538
3.47382
0.287181
5.30425
3.85444
1.86123
0.236695
4.40563
13.4433
1.86537
3.11171
0.649204
4.83117
12.992
0.379902
1.75085
1.95236
0.719711
0.99607
10.3815
0.095208
8.52997
5.6007
11.8919
1.23236
0.32023
13.1584
16.5461
0.60773
0.77148
3.20511
4.03367
4.68296
6.82552
20.1979
1.20827
1.20005
20.0321
5.06105
0.841759
6.43553
6.36244
0.274362
4.6773
4.6573
4.60805
14.8486
1.42139
2.11092
0.341045
0.716785
0.287963
7.26352
2.96385
6.13383
5.04875
5.14991
7.81103
6.77194
8.01155
4.24632
2.12143
1.90135
3.84169
6.1273
4.79734
0.919027
5.3358
7.15843
2.81739
0.673181
1.58459
2.45125
3.37604
1.49051
0.239082
0.807102
6.71447
0.952249
2.59769
8.98268
11.4463
1.02044
3.9041
2.76142
5.36435
1.25223
8.12108
7.3357
0.254934
5.12453
13.2513
3.14181
5.31052
4.05706
9.08523
2.91993
5.33616
6.49799
34.2229
0.38252
5.99667
1.19935
6.82436
12.4057
2.25459
4.05912
6.96412
10.3357
0.962475
6.62473
3.31944
6.37793
16.5064
4.6371
13.2087
2.74328
7.67424
3.6005
1.82208
0.79634
8.72221
5.82919
4.0316
1.13181
9.63981
0.228835
2.39067
0.275065
11.5546
3.31831
2.33735
7.61358
0.248142
14.0168
0.22524
8.8042
1.37702
2.24293
0.169736
14.7267
4.6253
3.05212
0.210697
5.97122
11.0223
9.85596
6.34466
3.49437
3.86609
1.93452
4.40028
3.73399
1.05652
0.253961
8.68583
0.817406
8.57371
3.29309
6.02655
8.06924
4.45454
9.98332
6.51674
1.34877
0.530947
2.21323
7.9932
11.6511
4.08014
14.9251
16.6604
3.04349
5.89146
3.42709
4.55067
3.10811
14.4607
0.0760953
26.4285
0.33599
7.71358
1.35873
0.613063
19.2241
15.5274
4.53831
1.27978
15.8571
11.0074
12.557
0.518927
4.23576
8.74064
14.9736
5.53181
11.2886
2.40458
0.293527
3.14037
3.75958
0.606222
4.54875
1.61979
7.35572
9.41813
7.45652
1.413
5.57505
12.1161
6.25974
0.638417
1.83486
3.85919
0.209788
7.64111
5.54848
26.1904
1.5292
3.36914
1.90875
6.65463
6.9068
9.50898
18.483
6.62828
5.57188
0.324325
2.16502
1.93641
2.76407
9.76021
6.78896
5.1308
12.6243
29.6751
6.46656
1.86413
3.49527
1.75077
1.98222
25.9073
0.377632
7.55099
5.28271
4.55817
6.50299
1.13651
3.50918
1.27532
8.99876
12.494
1.73021
5.12117
0.795617
1.20118
3.80326
1.83525
5.40417
8.51466
9.84189
0.992679
0.711359
7.94812
5.99539
4.51854
1.52571
3.70062
7.84835
3.55258
0.754883
3.19175
0.930821
15.1729
8.39203
5.82761
1.41822
1.4729
1.07301
0.898866
1.73568
11.8059
1.25439
0.333213
2.72739
19.5222
3.33536
24.9948
9.24453
1.62621
0.210215
5.6526
29.6341
0.295872
1.64604
1.85122
7.72199
6.88374
1.00541
7.29152
3.25809
4.01501
0.548862
10.0228
7.6454
9.9894
1.81252
7.28848
9.6996
5.69187
4.46147
5.95688
2.19842
6.60737
11.4678
1.47494
3.98448
2.62796
0.93179
0.668211
5.32098
5.55555
0.175422
1.92636
3.68164
15.6912
7.30965
0.45325
2.70319
1.8008
4.07277
2.36204
0.957573
20.134
5.26458
0.854884
0.29639
9.94413
2.11314
0.237136
8.26986
1.26615
7.95203
5.43657
3.26162
0.712753
6.83263
0.667418
4.81286
4.58387
3.44643
2.43816
1.95772
9.20019
8.75761
1.41408
7.3009
0.358231
5.12863
6.56934
2.15622
4.90336
11.1502
10.6531
4.09701
6.10268
2.49874
7.62976
2.11242
5.22212
3.83951
7.1596
18.725
4.76814
1.96621
8.02233
5.63672
1.30539
5.20854
11.0848
2.26952
0.43366
4.98445
0.419351
4.3233
0.979503
8.58938
5.61941
12.4507
11.7925
9.43786
0.026835
10.363
1.49041
4.16561
4.16353
21.3594
4.53987
8.83738
0.534627
3.40962
0.216102
15.0174
1.92626
0.277221
1.31154
2.79793
8.45003
1.64255
3.47583
5.7737
18.2477
0.163609
0.399979
4.97576
2.36095
17.7476
2.29414
2.00627
5.53555
2.1187
0.106763
0.466059
0.330146
7.81673
2.50011
4.2305
0.0487097
0.861196
6.84979
2.54271
7.39442
2.71598
6.71311
4.05512
0.550239
6.20462
5.5227
1.30359
2.67329
18.1137
8.16494
6.88559
4.69659
0.639209
3.45182
0.357038
3.83155
3.76036
6.39764
14.9888
10.1723
27.7802
3.7353
3.93017
4.2955
3.57604
2.14929
6.36678
1.98189
5.11487
12.7729
2.98411
12.4329
16.5321
5.95762
4.16423
0.00769466
11.5385
2.24057
2.67414
16.4347
0.671831
16.7405
0.196546
2.22936
4.80077
7.39033
5.81102
1.85616
0.42335
6.40617
0.294013
1.38359
7.58366
16.1877
11.2233
12.5606
3.54223
7.83036
7.01345
0.981094
2.29289
6.54201
7.17227
13.3449
5.02252
1.88048
8.0946
1.02217
2.50099
2.24959
6.60627
4.88536
0.576519
1.77683
4.11933
37.1822
0.541305
9.55423
2.77719
1.68231
7.73149
1.74586
0.906475
5.96379
3.86412
6.61815
3.55543
2.89315
1.16988
6.92914
1.39003
6.66878
3.96446
3.65795
6.05218
3.46932
5.0587
1.50908
1.02866
5.22817
0.945526
0.867208
2.28756
0.0229152
0.474843
5.27285
0.42793
11.8917
3.78421
3.16895
0.00770129
0.998652
8.89205
2.24189
10.3806
9.87846
2.27489
1.05583
0.0269627
1.56925
5.2787
3.58496
0.147758
7.85809
1.29164
1.5195
3.0357
16.4481
0.631587
4.17739
2.1637
8.3644
1.49273
5.67681
2.73535
3.58672
0.103684
6.53693
2.4212
4.84236
9.8416
11.615
1.99754
6.84098
0.243585
1.20629
13.6102
1.44538
6.7898
1.86111
6.34367
5.17924
8.14639
1.34127
0.729561
0.307094
5.08833
0.453069
4.19265
8.07016
4.08639
1.58281
2.592
0.321756
7.54159
2.63367
5.77583
0.685186
8.91261
8.90185
1.87504
3.96432
17.7237
0.0753051
0.658208
15.5164
2.39109
0.816347
6.81804
3.87181
17.886
9.48733
5.61802
3.42805
9.66129
0.521446
10.8745
10.9007
6.23515
3.03101
16.1986
1.37566
1.36029
0.275431
0.980298
5.15288
5.11014
19.4625
0.865507
1.70905
2.49157
1.98075
23.0291
3.42521
8.62082
12.9494
9.16668
3.01987
5.46756
8.01911
9.22763
12.4312
6.0362
1.18137
0.14276
2.99742
2.67069
0.751959
22.2987
4.83647
13.3861
6.74129
15.0847
1.46968
9.79528
3.23192
10.4883
1.09468
0.332083
3.63636
1.355
2.09736
10.7386
0.41239
10.7326
0.328024
3.00825
4.13806
3.50545
5.1718
0.186614
9.02741
6.89232
5.85934
1.15717
0.893403
1.77343
7.97085
2.37954
1.73966
4.67687
2.05921
12.381
8.03975
4.71849
16.5268
0.122813
1.12406
2.43638
0.0421951
6.97566
9.43668
9.31599
1.07427
3.84907
34.4767
22.2003
1.50498
1.36208
26.8021
4.2193
0.750851
2.31378
3.83474
5.15251
1.79178
6.64006
14.8438
5.83328
1.31794
1.35137
0.421001
6.20627
4.34044
0.518132
0.882071
0.744003
3.385
5.67717
12.1129
6.88752
4.40524
4.82972
8.60645
2.14671
0.774023
1.29542
3.03531
2.71844
2.63118
0.347674
12.4966
8.16551
2.76422
5.25379
2.68082
5.89213
4.45888
3.13087
0.0458387
4.55164
4.95459
9.17868
0.502939
0.176884
0.855462
8.86401
2.98905
1.02683
0.411246
2.0111
3.46477
0.595152
3.75213
0.71147
3.36136
1.96001
0.745491
21.6258
12.4308
5.46075
5.29478
0.188425
5.33273
3.25364
1.17249
14.6954
9.75098
4.16316
23.1607
6.52164
1.71178
1.98157
7.16425
0.0140568
3.31102
2.31488
9.24645
1.85944
8.56859
3.61727
12.1414
1.61779
